2018 03 15 05 37 00
2018 04 19 16 28 00
2018 04 27 06 30 00
2018 05 04 23 18 00
2018 05 13 03 53 00
2018 05 19 21 48 00
2018 05 27 19 15 00
2018 06 04 09 04 00
2018 06 11 01 06 00
2018 06 15 16 55 00
2018 07 06 13 37 00
2018 07 20 22 36 00
2018 08 04 14 10 00
2018 08 22 11 43 00
2018 08 27 21 11 00
2018 09 01 23 21 00
2018 09 07 10 20 00
2018 09 12 04 23 00
2018 09 17 09 36 00
2018 09 24 05 18 00
2018 09 30 18 54 00
2018 10 08 10 25 00
2018 10 15 14 12 00
2018 10 23 19 29 00
2018 10 31 08 21 00
2018 11 07 16 16 00
2018 11 15 11 04 00
2018 11 21 19 10 00
2018 11 28 20 37 00
2018 12 08 01 07 00
2018 12 17 11 59 00
2018 12 25 23 21 00